0,0
4.31330498982274e-05,5.65528375140179e-06
0.000171262164058333,2.25339698404408e-05
0.000382526459999604,5.04623501234474e-05
0.000675130106653466,8.92679642761723e-05
0.0010473274715621,0.000138779612531756
0.00149742225198371,0.000198827374615756
0.00202376747489253,0.000269242629032451
0.00262476549697882,0.000349858072351142
0.00329861316800588,0.000440507859740771
0.00404362732141643,0.000541027715958962
0.00485851263035298,0.00065125476226226
0.00574199562534555,0.000771027380392995
0.00669282422967819,0.000900185247146456
0.007709767759389,0.00103856936915683
0.00879161692327016,0.00118602211768317
0.00993718382286784,0.00134238726339528
0.0111453019524823,0.00150751001115975
0.0124148261991678,0.00168123703482582
0.0137446328427327,0.00186341651201135
0.0151336195557394,0.00205389815888879
0.0165807054035043,0.00225253326497109
0.0180848308440979,0.00245917472789766
0.0196449577283446,0.00267367708822031
0.0212600692998231,0.00289589656418919
0.0229291701948659,0.00312569108653876
0.0246512864425597,0.00336292033327368
0.0264254654647452,0.00360744576445483
0.0282507760760171,0.00385913065698519
0.0301263084837243,0.00411784013939579
0.0320511742879695,0.00438344122663171
0.0340245064816096,0.00465580285483796
0.0360454529852246,0.00493479589351895
0.03811318461522,0.00522029289619443
0.0402270751040165,0.00551216799174623
0.0423865386566029,0.00581029709068938
0.044590994023934,0.00611455796165104
0.0468398645029314,0.0064248302427003
0.0491325779364832,0.00674099545267795
0.0514685667134437,0.00706293700252635
0.0538472677686341,0.0073905402066192
0.0562681225828416,0.00772369229409133
0.0587305771828203,0.00806228242016857
0.0612340821412905,0.00840620167749749
0.0637780925769391,0.00875534310747524
0.0663620681544196,0.00910960171157939
0.0689854730843516,0.00946887446269764
0.0716477761233216,0.00983306031645776
0.0743484505738824,0.0102020602225573
0.0770869742845532,0.0105757771360934
0.0798628296498198,0.0109541160288926
0.0826755036101344,0.0113369839008408
0.0855244876519158,0.0117242897912128
0.0884092778075492,0.0121159447900024
0.0913293746553863,0.0125118620492518
0.0942842833197451,0.012911956794382
0.0972735134709105,0.013316146335522
0.100296579325133,0.0137243500788389
0.103352999644632,0.014136489537868
0.106442280157488,0.0145524882462084
0.109563965405247,0.0149722713975424
0.112717764472785,0.0153957659233941
0.115903395049303,0.0158229008649561
0.119120572103942,0.0162536073895593
0.122369007885786,0.0166878187695053
0.12564841192386,0.0171254703608989
0.128958491027128,0.0175664995824805
0.132298949284496,0.0180108458944583
0.135669488064812,0.0184584507773411
0.139069806016863,0.0189092577107706
0.142499599069379,0.0193632121523537
0.145958560431031,0.019820261516495
0.149446380590428,0.0202803551532295
0.152962747316124,0.0207434443270545
0.156507345656611,0.0212094821957624
0.160079857940324,0.0216784237892732
0.163679963775637,0.0221502259884667
0.167307340050867,0.0226248475040149
0.170961660934271,0.0231022488552147
0.174642597874047,0.0235823923488202
0.178349819598335,0.0240652420578749
0.182082992115214,0.0245507638005447
0.185841778712705,0.0250389251189495
0.189625839958771,0.0255296952579966
0.193434833701314,0.0260230451442123
0.19726841506818,0.0265189473645749
0.201126236467152,0.0270173761453466
0.205007947585957,0.0275183073309065
0.208913195392263,0.0280217183625826
0.212841624133677,0.0285275882574846
0.216792875337749,0.0290358975873359
0.220766587811968,0.0295466284573064
0.224762401348049,0.0300597644786857
0.22878019543551,0.0305752904094963
0.232819845105757,0.0310931920166288
0.236881114458954,0.0316134564857833
0.240963767330902,0.0321360726081335
0.24506756729304,0.0326610307433282
0.249192277652445,0.033188322782492
0.25333766145183,0.0337179421112267
0.257503481469546,0.0342498835726126
0.26168950021958,0.0347841434302095
0.265895479951558,0.0353207193310578
0.270121182650742,0.03585961026868
0.274366370038033,0.0364008165460818
0.278630803569966,0.0369443397387528
0.282914244438717,0.0374901826576685
0.287216453572098,0.0380383493122908
0.291537191633556,0.0385888448735696
0.295876219022178,0.0391416756369435
0.300233295872688,0.0396968489853418
0.304608182055446,0.0402543733521847
0.309000637176451,0.0408142581843853
0.313410420577337,0.0413765139053502
0.317837291335376,0.0419411518779811
0.32228100826348,0.0425081843676757
0.326741329910194,0.0430776245053291
0.331218014559703,0.0436494862503349
0.335710820231829,0.0442237843535861
0.340219504682031,0.0448005343204768
0.344743825401404,0.045379752373903
0.349283539616683,0.0459614554172641
0.353838404290237,0.0465456609974635
0.358408176120074,0.0471323872679105
0.362992611539841,0.0477216529515211
0.367591466718819,0.048313477303719
0.372204497561929,0.0489078800754374
0.376831459709726,0.0495048814761194
0.381472108538406,0.05010450213672
0.386126199159801,0.0507067630727063
0.390793486421378,0.0513116856470599
0.395473724906244,0.0519192915332769
0.400166720247537,0.0525296027062198
0.404872714853177,0.0531426417110629
0.409591603125934,0.0537584317954166
0.41432316676366,0.054376996715092
0.419067191997247,0.0549983606567425
0.423823469590624,0.0556225482166747
0.428591794840759,0.0562495843796598
0.43337196757766,0.0568794944977441
0.438163792164372,0.0575123042690604
0.442967077496981,0.0581480397166386
0.44778163700461,0.0587867271672174
0.452607288649421,0.0594283932300545
0.457443854926617,0.0600730647757383
0.462291162864437,0.0607207689149986
0.46714904402416,0.0613715329775174
0.472017334500105,0.0620253844907405
0.476895874919628,0.062682351158688
0.481784510443125,0.0633424608407656
0.48668309076403,0.0640057415305755
0.491591470108816,0.0646722213347273
0.496509507236996,0.0653419284516493
0.50143706544112,0.0660148911503993
0.506374012546778,0.0666911377494758
0.511320220912599,0.0673706965956287
0.51627556743025,0.0680535960426708
0.521239933524438,0.0687398644302883
0.526213205152907,0.0694295300628521
0.531195272806442,0.0701226211882289
0.536186031508865,0.0708191659765919
0.541185380817039,0.0715191924992321
0.546193224820862,0.0722227287073693
0.551209472143276,0.0729298024109629
0.556234035940257,0.0736404412575232
0.561266833900823,0.074354672710922
0.56630778824703,0.0750725240302042
0.571356825733971,0.0757940222483984
0.576413877649782,0.0765191941513279
0.581478879815634,0.077248066256422
0.586551772585738,0.0779806647915267
0.591632500847344,0.0787170156737162
0.596721014020741,0.0794571444881031
0.601817266059256,0.0802010764666502
0.606921215449257,0.0809488364669813
0.612032825210149,0.081700448951192
0.617152062894375,0.0824559379646608
0.622278900587418,0.0832153271148602
0.627413314907801,0.0839786395501679
0.632555287007085,0.0847458979386773
0.637704802575164,0.0855171244470248
0.642862139167306,0.0862923416400095
0.648027500223044,0.0870715734196337
0.653200775393103,0.087854844175566
0.658381859872725,0.0886421779105689
0.663570654401659,0.0894335982481073
0.66876706526417,0.0902291284399574
0.673971004289035,0.0910287913738153
0.679182388849543,0.091832609580906
0.684401141863496,0.0926406052435919
0.689627191793206,0.0934528002029817
0.694860472645502,0.0942692159665392
0.700100923971722,0.0950898737156919
0.705348490867718,0.0959147943134398
0.710603123973853,0.0967439983119642
0.715864779475005,0.0975775059602366
0.721133419100563,0.0984153372116272
0.726409010124428,0.0992575117315136
0.731691525365014,0.10010404890489
0.736980943185247,0.100954967843975
0.742277247492568,0.101810287395823
0.747580427738928,0.102670026149927
0.75289047892079,0.103534202445837
0.758207401579131,0.104402834380757
0.76353120179944,0.105275939817164
0.76886189121172,0.106153536390412
0.774199486990483,0.10703564151634
0.779544011854758,0.107922272398883
0.784895494068081,0.10881344603768
0.790253967438507,0.109709179235681
0.795619471318598,0.110609488606761
0.800992050605431,0.111514390583321
0.806371755740595,0.112423901423903
0.811758642710191,0.113338037220797
0.817152773044835,0.114256813907648
0.822554213819652,0.115180247267067
0.827963037654282,0.11610835293824
0.833379322712876,0.117041146424533
0.838803152704098,0.117978643101105
0.844234616881126,0.118920858222516
0.849673810041647,0.119867806930334
0.855120832527864,0.120819504260744
0.860575790226491,0.121775965152158
0.866038794568754,0.122737204452823
0.871509962530392,0.123703236928432
0.876989416631658,0.124674077269728
0.882477284937315,0.125649740100115
0.88797370105664,0.126630239983271
0.893478804143421,0.12761559143075
0.898992738895961,0.128605808909593
0.904515655557074,0.12960090684994
0.910047709914087,0.130600899652635
0.915589063298837,0.131605801696836
0.921139882587678,0.132615627347624
0.926700340201473,0.133630390963611
0.932270614105598,0.13465010690455
0.937850887809943,0.135674789538941
0.94344135036891,0.136704453251646
0.949042196381413,0.137739112451489
0.954653623296144,0.138778781581649
0.960275507310865,0.139823475409689
0.96590769077476,0.140873209167947
0.971550187594229,0.141927998203009
0.977203015483577,0.142987857770981
0.982866195965017,0.144052803043036
0.988539754368663,0.145122849110952
0.994223719832538,0.146198010992651
0.999918125302566,0.147278303637743
1.00562300753258,0.148363741933064
1.01133840708432,0.14945434070822
1.01706436832741,0.150550114741121
1.02280093943942,0.151651078763529
1.02854817240579,0.152757247466593
1.03430612301988,0.153868635506395
1.04007485088294,0.154985257509485
1.04585441940415,0.156107128078424
1.05164489580058,0.157234261797326
1.05744635109721,0.158366673237397
1.0632588601269,0.159504376962475
1.06908250153047,0.160647387534571
1.07491735775658,0.161795719519413
1.08076351506185,0.16294938749198
1.08662106351078,0.164108406042048
1.09249009697576,0.16527278977973
1.09837071313712,0.166442553341011
1.10426301348307,0.167617711393299
1.11016710330973,0.168798278640955
1.11608309172113,0.16998426983084
1.12201109162921,0.171175699757853
1.1279512197538,0.172372583270473
1.13390359662264,0.173574935276299
1.13986834657138,0.17478277074759
1.14584559774358,0.175996104726806
1.15183548209068,0.177214952332148
1.15783813537207,0.178439328763102
1.16385369715499,0.179669249305974
1.16988231081463,0.180904729339436
1.17592412353407,0.18214578434006
1.18197928630428,0.183392429887867
1.18804795392416,0.184644681671862
1.19413028500049,0.185902555495573
1.20022644194799,0.187166067282599
1.20633659098924,0.188435233082142
1.21246090215476,0.189710069074554
1.21859954928296,0.190990591576875
1.22475271002017,0.192276817048372
1.2309205658206,0.193568762096082
1.23710330194638,0.194866443480355
1.24330110746755,0.196169878120386
1.24951417526205,0.197479083099766
1.25574270201571,0.198794075672015
1.2619868882223,0.200114873266127
1.26824693818346,0.201441493492107
1.27452306000875,0.202773954146514
1.28081546561564,0.204112273218003
1.28712437072949,0.205456468892861
1.29344996101976,0.206806559447601
1.29979222088729,0.208162562663153
1.30615116267531,0.209524495709226
1.31252681646022,0.210892375562832
1.31891921683768,0.212266219065596
1.32532840292266,0.21364604292135
1.33175441834939,0.215031863693723
1.33819731127137,0.21642369780374
1.34465713436142,0.217821561527407
1.3511339448116,0.219225470993309
1.35762780433328,0.220635442180201
1.36413877915709,0.2220514909146
1.37066694003296,0.223473632868377
1.37721236223008,0.224901883556353
1.38377512553693,0.226336258333887
1.39035531426128,0.227776772394473
1.39695301723017,0.229223440767328
1.40356832778992,0.23067627831499
1.41020134380614,0.232135299730905
1.4168521676637,0.233600519537025
1.42352090626679,0.235071952081396
1.43020767103884,0.236549611535753
1.43691257792257,0.238033511893113
1.44363574738001,0.239523666965366
1.45037730439243,0.24102009038087
1.45713737846041,0.242522795582039
1.4639161036038,0.244031795822943
1.47071361836172,0.245547104166892
1.4775300657926,0.247068733484036
1.48436559347411,0.248596696448953
1.49122035350324,0.250131005538244
1.49809450249624,0.251671673028124
1.50498820158864,0.253218710992016
1.51190161643526,0.254772131298142
1.51883491721019,0.256331945607119
1.52578827860682,0.257898165369547
1.5327618798378,0.259470801823605
1.53975590463506,0.261049865992641
1.54677054124983,0.262635368682769
1.55380598245261,0.264227320480455
1.56086242553318,0.265825731750116
1.5679400723006,0.26743061263171
1.57503912908321,0.269041973038326
1.58215980672863,0.270659822653783
1.58930232060378,0.272284170930216
1.59646689059482,0.273915027085672
1.60365374110724,0.275552400101702
1.61086310106577,0.277196298720955
1.61809520391444,0.278846731444768
1.62535028761657,0.280503706530759
1.63262859465472,0.282167231990422
1.63993037203079,0.283837315586719
1.64725587126591,0.285513964831669
1.65460534840052,0.287197186983946
1.66197906399433,0.288886989046468
1.66937728312633,0.290583377763989
1.67680024804373,0.292286359627917
1.68424766266104,0.293995940991958
1.69171944107738,0.295712128052225
1.69921568239378,0.297434926666031
1.70673648739895,0.299164342308022
1.71428195856928,0.300900380085786
1.72185220006883,0.30264304475546
1.72944731774936,0.304392340737339
1.73706741915031,0.306148272131489
1.7447126134988,0.307910842733349
1.75238301170963,0.309680056049349
1.7600787263853,0.311455915312512
1.76779987181596,0.313238423498064
1.77554656397947,0.315027583339048
1.78331892054137,0.316823397341925
1.79111706085487,0.318625867802192
1.79894110596087,0.320434996819984
1.80679117858796,0.322250786315687
1.8146674031524,0.324073238045544
1.82256990575815,0.325902353617268
1.83049881419683,0.327738134505647
1.83845425794775,0.329580582068157
1.84643636817793,0.331429697560566
1.85444527774203,0.33328548215255
1.86248112118243,0.335147936943294
1.87054403472916,0.337017062977109
1.87863415629996,0.338892861259035
1.88675162550023,0.340775332770451
1.89489658362308,0.34266447848469
1.90306917364928,0.344560299382638
1.9112695402473,0.346462796468353
1.91949782977327,0.348371970784666
1.92775419027102,0.350287823428797
1.93603877147206,0.352210355567958
1.94435172479559,0.354139568454965
1.95269320334847,0.356075463443849
1.96106336192528,0.35801804200546
1.96946235700824,0.359967305743081
1.97789034676727,0.361923256408034
1.98634749106,0.363885895915291
1.99483395143171,0.36585522635908
2.00334989111536,0.367831250028499
2.01189547503162,0.36981396942312
2.02047086978882,0.371803387268601
2.02907624368298,0.373799506532295
2.03771176669781,0.375802330438858
2.04637761050469,0.377811862485858
2.05507394846269,0.379828106459385
2.06380095561857,0.38185106644966
2.07255880870676,0.383880746866642
2.08134768614938,0.385917152455641
2.09016776805622,0.387960288312924
2.09901923622478,0.390010159901323
2.10790227414022,0.392066773065848
2.11681706697538,0.394130134049294
2.12576380159081,0.39620024950785
2.13474266653472,0.398277126526705
2.14375384530998,0.400360772196084
2.15279741831056,0.402451191458633
2.16187338650128,0.404548387612264
2.17098174972996,0.406652364889474
2.18012250858064,0.408763128813249
2.18929566437349,0.410880686197527
2.19850121916489,0.413005045147666
2.20773917574738,0.415136215060903
2.21700953764969,0.417274206626825
2.22631230913672,0.41941903182783
2.23564749520954,0.421570703939593
2.24501510160541,0.42372923753153
2.25441513479776,0.425894648467265
2.2638476019962,0.428066953905094
2.27331251114652,0.430246172298448
2.28280987093067,0.432432323396359
2.2923396907668,0.434625428243926
2.30190198080923,0.43682550918278
2.31149675194845,0.439032589851545
2.32112401581112,0.441246695186308
2.33078378476011,0.44346785142108
2.34047607189443,0.445696086088263
2.35020089104929,0.447931428019116
2.35995825679606,0.450173907344213
2.36974818444231,0.452423555493919
2.37957069003176,0.454680405198845
2.38942579034433,0.456944490490317
2.3993135028961,0.459215846700841
2.40923384593935,0.461494510464568
2.41918683846251,0.463780519717757
2.4291725001902,0.466073913699241
2.43919085158321,0.468374732950893
2.44924191383853,0.470683019318088
2.4593257088893,0.472998815950172
2.46944225940485,0.475322167300922
2.47959158879068,0.477653119129014
2.48977372118847,0.479991718498488
2.49998868147609,0.482338013779211
2.51023649526757,0.484692054647343
2.52051718891313,0.487053892085802
2.53083078949914,0.489423578384728
2.54117732484819,0.49180116714195
2.551556823519,0.494186713263446
2.56196931480652,0.496580272963815
2.57241482874182,0.498981903766735
2.5828933960922,0.501391664505431
2.5934050483611,0.503809615323141
2.60394981778814,0.50623581767358
2.61452773734915,0.508670334321401
2.6251388407561,0.511113229342667
2.63578316245714,0.51356456812531
2.64646073763663,0.516024417369598
2.65717160221508,0.518492845088601
2.66791579284917,0.520969920608652
2.67869334693178,0.523455714569818
2.68950430259195,0.525950298926358
2.70034869869491,0.528453746947193
2.71122657484205,0.530966133216369
2.72213797137096,0.533487533633521
2.73308292935538,0.536018025414339
2.74406149060526,0.538557687091032
2.7550736976667,0.541106598512796
2.76611959382198,0.543664840846272
2.77719922308957,0.54623249657602
2.78831283680608,0.548809649876269
2.79946096997643,0.551396387866351
2.81064338134964,0.553992800485254
2.82185979001038,0.556598979380223
2.83310992971789,0.55921501778577
2.84439354890591,0.561841010485786
2.8557104106827,0.56447705377567
2.86706029283108,0.567123245424441
2.87844298780836,0.569779684636864
2.8898583027464,0.572446472015567
2.90130605945158,0.575123709523162
2.91278609440482,0.577811500444365
2.92429825876154,0.580509949348115
2.93584241835172,0.583219162049695
2.94741845367983,0.585939245572854
2.95902625992491,0.588670308111923
2.97066574694048,0.591412458993937
2.98233683925464,0.594165808640756
2.99403947606997,0.596930468531185
3.0057736112636,0.599706551163092
3.01753921338719,0.602494170015529
3.02933626566691,0.605293439510854
3.04116476600348,0.608104474976847
3.05302472697213,0.610927392608836
3.06491617582262,0.613762309431809
3.07683915447924,0.616609343262542
3.08879371954081,0.619468612671714
3.10077994228067,0.62234023694603
3.1127979086467,0.625224336050338
3.1248477192613,0.628121030589753
3.13692948942138,0.631030441771772
3.1490433490984,0.633952691368399
3.16118944293834,0.636887901678263
3.17336793026172,0.639836195488735
3.18557898506355,0.642797696038056
3.19782279601342,0.645772526977447
3.21009956645539,0.648760812333238
3.2224095144081,0.651762676468981
3.23475287256468,0.654778244047577
3.24712988829281,0.657807639993388
3.25954082363468,0.660850989454364
3.27198595530702,0.66390841776416
3.28446557470107,0.666980050404256
3.29697998788263,0.670066012966078
3.30952951559199,0.673166431113117
3.32211449324399,0.676281430543049
3.33473527092799,0.679411136949857
3.34739221340788,0.68255567598595
3.36008570012207,0.68571517322428
3.37281612762604,0.688889754129995
3.38558416957978,0.692079545390044
3.39839000233013,0.69528467534924
3.41123346318385,0.698505271901319
3.42411441625935,0.701741461263547
3.43703275248677,0.704993367937915
3.44998838960792,0.708261114672329
3.46298127217627,0.711544822421808
3.47601137155702,0.714844610309675
3.48907868592701,0.718160595588753
3.50218324027481,0.721492893602558
3.51532508640064,0.724841617746492
3.52850430291642,0.728206879429038
3.54172099524576,0.731588788032956
3.55497529562394,0.73498745087647
3.56826736309795,0.73840297317447
3.58159738352643,0.741835457999702
3.59496556957975,0.74528500624396
3.60837216073992,0.748751716579285
3.62181742330067,0.752235685419153
3.6353016503674,0.755737006879674
3.6488251618572,0.759255772740784
3.66238830449884,0.762792072407436
3.67599145183278,0.7663459928708
3.68963500421117,0.769917618669451
3.70331938879783,0.773507031850566
3.71704505956828,0.777114311931117
3.73081249730972,0.780739535859065
3.74462220962103,0.784382777974556
3.7584747309128,0.788044109971109
3.77237062240728,0.791723600856817
3.7863104721384,0.795421316915536
3.80029489495181,0.799137321668081
3.8143245325048,0.80287167583342
3.82840005326639,0.806624437289867
3.84252215251725,0.810395661036274
3.85669155234976,0.814185399153231
3.87090900166797,0.817993700764253
3.88517527618763,0.821820611996978
3.89949117843615,0.825666175944359
3.91385753775266,0.82953043262586
3.92827521028794,0.833413418948647
3.94274507900449,0.837315168668784
3.95726805367647,0.841235712352427
3.97184507088974,0.845175077337016
3.98647709404183,0.849133287692471
4.00116511334197,0.853110364182385
4.01591014581107,0.857106324225215
4.03071323528172,0.861121181855484
4.04557545239822,0.865154947684965
4.06049745155855,0.869207628902605
4.07547748894791,0.873279229154578
4.09051580902701,0.877369747720003
4.10561309957249,0.88147917878064
4.12077005482214,0.885607511407054
4.13598737547487,0.889754729621584
4.15126576869072,0.893920812461309
4.16660594809089,0.89810573404101
4.18200863375769,0.90230946361614
4.19747455223458,0.906531965645786
4.21300443652615,0.910773199855635
4.22859902609814,0.915033121300939
4.2442590668774,0.919311680429484
4.25998531125194,0.923608823144548
4.27577851807088,0.927924490867875
4.2916394526445,0.932258620602633
4.30756888674421,0.936611144996384
4.32356759860255,0.940981992404049
4.33963637291318,0.945371086950869
4.35577600083094,0.949778348595375
4.37198727997175,0.954203693192355
4.38827101441272,0.958647032555811
4.40462801469205,0.963108274521934
4.42105909780911,0.967587323012062
4.43756508722438,0.972084078095651
4.45414681285949,0.976598436053236
4.47080511109719,0.981130289439399
4.4875408247814,0.985679527145733
4.50435480321714,0.990246034463808
4.52124790217058,0.994829693148136
4.53822098386902,0.999430381479137
4.55527491700091,1.0040479743261
4.57241057671581,1.00868234321017
4.58962884462445,1.01333335636726
4.60693060879866,1.01800087881109
4.62431676377143,1.0226847723961
4.64178821053687,1.02738489588042
4.65934585655025,1.03210110498885
4.67699061572794,1.03683325247583
4.69472340844747,1.04158118818838
4.71254516154751,1.04634475912911
4.73045680832784,1.05112380951912
4.7484592885494,1.05591818086103
4.76655354843426,1.0607277120019
4.78474054066561,1.06555223919622
4.80302122438781,1.07039159616887
4.82139638205878,1.07524561399532
4.83986432923009,1.0801141185614
4.85842526047175,1.08499693022357
4.87708024450204,1.08989386686361
4.8958303173817,1.09480474498546
4.91467648251398,1.09972937989803
4.93361971064464,1.10466758589797
4.9526609398619,1.10961917645245
4.9718010755965,1.11458396438195
4.99104099062167,1.11956176204307
5.01038152505313,1.12455238151131
5.02982348634909,1.12955563476385
5.04936764931028,1.13457133386231
5.06901475607989,1.13959929113562
5.08876551614363,1.14463931936272
5.1086206063297,1.14969123195542
5.12858067080878,1.15475484314112
5.14864632109407,1.15982996814565
5.16881813604124,1.16491642337605
5.18909666184846,1.17001402660334
5.20948241205642,1.17512259714533
5.22997586754826,1.18024195604938
5.25057747654967,1.18537192627522
5.27128765462877,1.19051233287771
5.29210678469624,1.19566300318967
5.31303521700521,1.20082376700461
5.33407326915131,1.20599445675957
5.35522122607269,1.21117490771787
5.37647934004997,1.21636495815195
5.39784783070627,1.22156444952608
5.41932688500721,1.22677322667923
5.44091665726091,1.2319911380078
5.46261726911796,1.23721803564844
5.48442880957148,1.24245377566083
5.50635133495706,1.24769821821046
5.52838486895279,1.25295122775142
5.55052940257926,1.25821267320922
5.57278489419954,1.26348242816353
5.59515126951922,1.26876037103099
5.61762842158636,1.27404638524801
5.64021621079153,1.27934035945355
5.66291446486779,1.28464218767188
5.68572297889069,1.28995176949542
5.70864151527828,1.29526901026751
5.73166980379111,1.30059382126516
5.75480754153221,1.3059261198819
5.77805439294712,1.31126582981052
5.80140998982388,1.31661288122587
5.82487494393527,1.32196720893665
5.84844996088569,1.32732875159771
5.87213473291424,1.33269745555977
5.89592892394677,1.33807327761014
5.91983216962952,1.34345618505912
5.94384407732912,1.34884615582623
5.96796422613259,1.35424317852654
5.99219216684732,1.35964725255694
6.01652742200112,1.3650583881824
6.04096948584216,1.37047660662228
6.06551782433901,1.3759019401366
6.09017187518063,1.38133443211232
6.11493104777635,1.38677413714963
6.13979472325592,1.39222112114819
6.16476225446946,1.39767546139351
6.18983296598747,1.40313724664311
6.21500615410084,1.4086065772129
6.24028108682088,1.41408356506339
6.26565700387924,1.41956833388605
6.291133116728,1.4250610191895
6.31670860853959,1.43056176838586
6.34238263420686,1.43607074087701
6.36815432034304,1.44158810814088
6.39402276528173,1.4471140538177
6.41998703907694,1.45264877379632
6.44604618350307,1.45819247630049
6.47219921205488,1.46374538197511
6.49844510994754,1.46930772397254
6.52478283411662,1.47487974803886
6.55121131321804,1.48046171260019
6.57772944762815,1.48605388884893
6.60433610944366,1.49165656083005
6.63103014248168,1.49727002552741
6.6578103622797,1.50289459294998
6.68467555609561,1.50853058621817
6.71162448290767,1.5141783416501
6.73865587341456,1.51983820884787
6.76576843003531,1.52551055078384
6.79296092001657,1.53119574388715
6.82023396950862,1.53689417844011
6.84758668488267,1.54260625967229
6.87501728855125,1.54833240851551
6.90252402922741,1.5540730615152
6.93010518192476,1.55982867062547
6.95775904795749,1.56559970300412
6.9854839549403,1.57138664080768
7.01327825678846,1.57718998098646
7.0411403337178,1.58301023507956
7.06906859224469,1.5888479290099
7.09706146518605,1.5947036028793
7.12511741165936,1.60057781076344
7.15323491708264,1.60647112050697
7.18141249317446,1.61238411351848
7.20964867795397,1.61831738456559
7.23794203574083,1.62427154156993
7.26629115715527,1.63024720540221
7.29469465911809,1.63624500967725
7.32315118485061,1.642265600549
7.35165940387471,1.64830963650557
7.38021801201283,1.6543777881643
7.40882573138796,1.66047073806675
7.43748131042364,1.66658918047374
7.46618352384395,1.67273382116043
7.49493117267353,1.67890537721129
7.52372308423758,1.68510457681517
7.55255811216184,1.69133215906033
7.5814351363726,1.69758887372947
7.61035306309671,1.70387548109477
7.63931082486156,1.7101927517129
7.66830738049511,1.7165414662201
7.69734171512584,1.72292241512715
7.72641284018281,1.72933639861447
7.75551979339562,1.73578422632711
7.78466164944189,1.74226671718216
7.81383895831296,1.74878470094733
7.84305106305859,1.75533901858344
7.87229601342793,1.76193051912185
7.9015719647272,1.76856005761843
7.93087717781972,1.77522849465403
7.96021001912591,1.78193669583496
7.98956896062325,1.78868553129347
8.01895257984636,1.79547587518827
8.0483595598869,1.80230860520499
8.07778868939365,1.80918460205665
8.10723886257248,1.8161047489842
8.13670907918635,1.82306993125696
8.16619844455531,1.83008103567313
8.19570616955651,1.83713895006026
8.22523157062416,1.84424456277575
8.2547740697496,1.85139876220735
8.28433319448125,1.85860243627362
8.3139085779246,1.86585647192442
8.34349995874227,1.87316175464141
8.37310718115393,1.88051916793855
8.40273019493637,1.88792959286254
8.43236905542346,1.89539390749336
8.46202392350617,1.90291298644471
8.49169506563256,1.91048770036456
8.52138285380776,1.91811891543554
8.55108776559403,1.92580749287554
8.58081038411068,1.9335542884381
8.61055139803414,1.94136015191296
8.64031160159793,1.94922592662652
8.67009189459265,1.95715244894233
8.69989328236599,1.96514054776158
8.72971687582275,1.97319104402358
8.75956389142479,1.98130475020627
8.7894356511911,1.98948246982666
8.81933358269773,1.99772499694139
8.8492584969699,2.00603311430911
8.87921024050046,2.01440758926827
8.90918923504097,2.02284917159155
8.93919604036951,2.03135859362269
8.96923135065841,2.03993656976585
8.9992959944742,2.04858379596856
9.02939093477764,2.05730094920478
9.05951726892369,2.06608868695791
9.08967622866157,2.07494764670379
9.11986918013469,2.08387844539377
9.15009762388068,2.09288167893764
9.18036319483141,2.10195792168675
9.21066766231296,2.11110772591696
9.24101293004563,2.12033162131167
9.27140103614395,2.12963011444485
9.30183415311665,2.13900368826409
9.3323145878667,2.14845280157353
9.3628447816913,2.15797788851697
9.39342731028183,2.16757935806085
9.42406488372393,2.17725759347725
9.45476034649745,2.18701295182695
9.48551667747646,2.19684576344242
9.51633698992924,2.20675633141084
9.54722453151831,2.21674493105714
9.5781826843004,2.22681180942699
9.60921496472647,2.23695718476984
9.64032502364167,2.24718124602193
9.67151664628541,2.2574841522893
9.7027937522913,2.26786603233083
9.73416039568719,2.27832698404124
9.76562076489511,2.28886707393412
9.79717918273136,2.29948633662495
9.82884010221779,2.31018477431352
9.86060598456883,2.32096235513235
9.89247922316387,2.33181900851
9.9244638199241,2.34275462146043
9.95656384592675,2.35376903815798
9.98878344140512,2.36486206002036
10.0211268157486,2.37603344579149
10.0535982475025,2.38728291162451
10.0862020843684,2.39861013116467
10.1189427432038,2.41001473563228
10.1518247100222,2.4214963139056
10.1848525399934,2.43305441260382
10.218030857443,2.44468853616996
10.2513643558527,2.45639814695382
10.2848577978603,2.46818266529487
10.3185160152598,2.48004146960524
10.3523439090011,2.49197389645259
10.3863464491901,2.50397924064308
10.4205286750888,2.51605675530428
10.4548956951155,2.52820565196812
10.4894526868441,2.54042510065379
10.5242048970049,2.5527142299507
10.5591576414843,2.56507212710139
10.5943163053244,2.57749783808446
10.6296863427238,2.58999036769751
10.6652732770367,2.60254867964008
10.7010827007737,2.61517169659654
10.7371202756015,2.62785830031906
10.7733917323424,2.64060733171053
10.8099028709753,2.65341759090747
10.8466595606348,2.66628783736298
10.8836677396118,2.67921678992968
10.920933415353,2.69220312694261
10.9584626644613,2.70524548630217
10.9962616326958,2.71834246555707
11.0343365349713,2.73149262198723
11.0726936553589,2.74469447268672
11.1113380925155,2.75794649263246
11.1502675160622,2.77124710054161
11.1894871400121,2.78459465885711
11.2290038195663,2.79798748922534
11.2688242464824,2.81142387628748
11.3089549490747,2.82490206861703
11.349402292214,2.83842027965731
11.390172477328,2.85197668865896
11.4312715424007,2.86556944161745
11.4727053619729,2.87919665221057
11.5144796471419,2.892856402736
11.5565999455618,2.90654674504874
11.5990716414431,2.92026570149866
11.6418999555532,2.93401126586801
11.6850899452159,2.94778140430891
11.7286465043116,2.96157405628085
11.7725743632775,2.97538713548824
11.8168780891073,2.98921853081788
11.8615620853513,3.00306610727647
11.9066305921166,3.01692770692814
11.9520876860667,3.03080114983192
11.9979372804218,3.0446842349793
12.0441831249587,3.05857474123168
12.090828806011,3.07247042825792
12.1378777464687,3.08636903747185
12.1853332057784,3.10026829296973
12.2331982799436,3.11416590246781
12.2814759015241,3.12805955823981
12.3301688396366,3.14194693805443
12.3792796999542,3.15582570611286
12.4288109247067,3.16969351398631
12.4787647926805,3.18354800155348
12.5291434192187,3.19738679793808
12.579948756221,3.21120752244635
12.6311825921436,3.22500778550456
12.6828465519995,3.23878518959652
12.7349420973582,3.25253733020108
12.7874704859589,3.26626179672916
12.8404312194211,3.27995617508905
12.8938254278038,3.29361805526316
12.9476551552296,3.30724503853087
13.0019220803171,3.32083474010542
13.0566275161816,3.33438479092112
13.1117724104347,3.34789283942048
13.1673573451844,3.36135655334143
13.2233825370351,3.3747736215045
13.2798478370876,3.3881417556
13.3367527309391,3.40145869197519
13.3940963386831,3.41472219342149
13.4518774149098,3.42793005096164
13.5100943487055,3.44108008563692
13.568745163653,3.45417015029429
13.6278275178315,3.46719813137358
13.6873387038166,3.48016195069473
13.7472756486803,3.49305956724489
13.8076349139911,3.50588897896566
13.8684126958137,3.51864822454028
13.9296048247093,3.53133538518075
13.9912067657355,3.54394858641511
14.0532136184464,3.55648599987454
14.1156201168924,3.56894584508057
14.1784206296202,3.58132639123229
14.241609159673,3.59362595899351
14.3051793445905,3.60584292227994
14.3691244564087,3.61797571004639
14.43343740166,3.63002280807394
14.4981107213732,3.64198276075714
14.5631365910734,3.65385417289116
14.6285068207823,3.66563571145904
14.694212855018,3.67732610741879
14.7602457727947,3.68892415749065
14.8265959694987,3.7004287214534
14.8932523303853,3.71183869871269
14.9602060558436,3.72315303999295
15.0274483595541,3.73437078492541
15.0949700090876,3.74549106826514
15.162761325905,3.75651312020234
15.2308121853578,3.76743626667363
15.2991120166878,3.7782599296733
15.367649803027,3.78898362756463
15.4364140813978,3.79960697539111
15.5053929427132,3.81012968518776
15.574574031776,3.82055156629236
15.6439445472799,3.83087252565678
15.7134912418085,3.84109256815822
15.783200421836,3.8512117969105
15.8530579477268,3.86123041357531
15.9230492337357,3.87114871867352
15.9931592480079,3.88096711189645
16.0633725125788,3.89068609241711
16.1336731033742,3.90030625920153
16.2040446502102,3.90982831131998
16.2744703367935,3.9192530482583
16.3449329007206,3.92858137022911
16.4154146334789,3.93781427848317
16.4858973804458,3.94695287562058
16.5563625408891,3.95599836590208
16.6267910679671,3.96495205556036
16.6971634687281,3.97381535311127
16.7674598041111,3.98258976966515
16.8376596889453,3.9912769192381
16.90774229195,3.9998785190632
16.9776863357353,4.00839638990188
17.0474700968013,4.0168324563551
17.1170714055386,4.0251887471747
17.1864670168126,4.0334674158647
17.2556355603953,4.04167076761643
17.3245573234829,4.04980124149116
17.3932120025176,4.05786138548039
17.4615786992344,4.06585385530418
17.5296359206612,4.07378141327359
17.5973615791185,4.08164692715305
17.6647329922197,4.08945336902282
17.7317268828709,4.09720381414143
17.7983193792711,4.10490143980807
17.8644860149118,4.11254952422503
17.9302017285777,4.12015144536011
17.9954408643458,4.12771067980908
18.0601771715863,4.13523080165806
18.124383804962,4.14271548134598
18.1880333244283,4.15016848452697
18.2510977138796,4.15759367019258
18.3135499364625,4.16499497303734
18.3753649708336,4.17237641159584
18.4365177224466,4.17974212077169
18.496982863139,4.18709635504303
18.5567348311324,4.19444347874069
18.6157478310322,4.20178795632631
18.6739958338275,4.20913434267045
18.7314525768915,4.21648727333073
18.7880915639813,4.22385145483
18.8438860652376,4.2312316549344
18.8988091171853,4.23863269293155
18.9528335227331,4.24605942990865
19.0059318511734,4.2535167590306
19.0580764381827,4.26100959581819
19.1092393858214,4.26854286842613
19.1593925625335,4.27612150792129
19.2085033504396,4.28375045845818
19.2565180075601,4.29143479796903
19.3034097175282,4.29917973302488
19.3491557685942,4.30699046517198
19.393732010697,4.3148721695318
19.4371128554636,4.32282999774348
19.4792712762091,4.33086908090618
19.520178807937,4.33899453252151
19.5598055473389,4.34721145143586
19.5981201527946,4.35552492478286
19.6350898443722,4.36394003092572
19.670680403828,4.37246184239963
19.7048561746063,4.38109542885419
19.7375800618399,4.38984585999571
19.7688135323497,4.39871820852971
19.7985166146448,4.40771755310322
19.8266478989225,4.41684898124722
19.8531645370684,4.42611759231902
