3.24694202821873e-21,0
0.000242405334090945,1.27649535337409e-05
0.000962533588238128,5.09225852112187e-05
0.0021499093204766,0.000114204601957979
0.0037942621631107,0.000202354898436038
0.00588552294126816,0.000315129273980961
0.00841381988080478,0.000452295150666568
0.011369474903315,0.000613631292528679
0.0147430000060472,0.000798927525981921
0.0185250937245651,0.0010079844614661
0.0227066376760399,0.00124061321636098
0.0272786931810991,0.00149663513921053
0.0322324979621992,0.00177588153529991
0.0375594629165301,0.00207819339363026
0.0432511689615,0.00240342111533865
0.0492993639508873,0.00275142424361167
0.0556959596597883,0.00312207119514357
0.0624330288365242,0.00351523899319075
0.0695028023197121,0.00393081300227619
0.0768976662187409,0.00436868666459859
0.08461015915593,0.00482876123820235
0.0926329695686857,0.00531094553696532
0.100958933070007,0.00581515567246253
0.109581029865726,0.00634131479776493
0.118492382226905,0.0068893528532328
0.12768625201585,0.00745920631436427
0.137156038264225,0.00805081794176002
0.146895274801796,0.00866413653326554
0.156897627934371,0.00929911667835281
0.167156894169503,0.00995571851480347
0.177666997988611,0.0106339074877557
0.18842198966415,0.0113336541111772
0.199416043120532,0.0120549337318266
0.210643453837512,0.012797726295765
0.222098636794783,0.0135620161174807
0.23377612445658,0.0143477916516874
0.245670564795077,0.0151550452678581
0.257776719351441,0.0159837730275552
0.270089461333395,0.0168339744646171
0.282603773748206,0.0177056523682603
0.295314747570008,0.0185988125691577
0.308217579940428,0.0195134637285481
0.321307572401492,0.0204496171304372
0.334580129159826,0.0214072864769443
0.348030755381186,0.0223864876868509
0.361655055514383,0.0233872386974046
0.375448731643697,0.0244095592694319
0.389407581868894,0.025453470795811
0.403527498711982,0.0265189961133557
0.417804467549889,0.027606159318158
0.432234565072241,0.0287149855844396
0.446813957763464,0.0298455009869547
0.461538900408451,0.0309977323269931
0.476405734621054,0.0321717069620219
0.491410887394694,0.0333674526390114
0.506550869674399,0.0345849973314817
0.521822274949605,0.0358243690803097
0.537221777867066,0.0370855958383318
0.552746132863271,0.0383687053187766
0.568392172815749,0.0396737248475605
0.584156807712689,0.0410006812194761
0.600037023340318,0.0423496005583023
0.616029879987504,0.0437205081808624
0.63213251116705,0.0451134284650548
0.648342122353201,0.046528384721879
0.66465598973487,0.0479653990714771
0.681071458984129,0.0494244923232092
0.697585944039532,0.0509056838597783
0.714196925903828,0.0524089915254203
0.730901951455682,0.0539344315181688
0.747698632274997,0.0554820182862066
0.764584643481485,0.0570517644283101
0.781557722586119,0.0586436805983912
0.798615668355141,0.0602577754141429
0.815756339686297,0.0618940553697851
0.832977654497005,0.0635525247529132
0.850277588624157,0.0652331855654432
0.867654174735285,0.0669360374486494
0.88510550125084,0.068661077612285
0.902629711277322,0.0704083007677764
0.920225001551055,0.0721776990654789
0.937889621392364,0.0739692620359775
0.955621871669971,0.0757829765354182
0.973420103775412,0.0776188266948486
0.991282718607298,0.0794767938735475
1.00920816556525,0.0813568566163203
1.02719494155337,0.0832589906147337
1.04524158999309,0.0851831686722622
1.06334669984528,0.0871293606733176
1.08150890464147,0.0890975335561274
1.09972688152414,0.0910876512894303
1.1179993502959,0.0930996748529512
1.13632507247753,0.0951335622216179
1.15470285037479,0.0971892683534802
1.17313152615388,0.0992667451812886
1.19160998092558,0.101365941607688
1.21013713383796,0.103486803503982
1.2287119411776,0.105629273712419
1.24733339547934,0.107793292051954
1.26600052464447,0.109978795327423
1.28471239106745,0.112185717342097
1.30346809077094,0.114413988913542
1.3222667525494,0.116663537892737
1.34110753712104,0.118934289186392
1.35998963628822,0.121226164782407
1.37891227210631,0.123539083778404
1.39787469606105,0.125872962413281
1.41687618825432,0.12822771410171
1.43591605659849,0.13060324947153
1.45499363601931,0.132999476403948
1.47410828766738,0.135416300076501
1.49325939813822,0.137853623008694
1.51244637870105,0.140311345110247
1.53166866453625,0.142789363731892
1.55092571398162,0.145287573718622
1.57021700778742,0.147805867465342
1.58954204838035,0.15034413497484
1.60890035913636,0.152902263917989
1.6282914836626,0.155480139696129
1.64771498508828,0.158077645505524
1.66717044536477,0.160694662403845
1.68665746457481,0.163331069378563
1.70617566025101,0.165986743417219
1.7257246667037,0.168661559579444
1.74530413435807,0.171355391070687
1.76491372910093,0.174068109317542
1.78455313163684,0.176799584044612
1.80422203685392,0.179549683352817
1.82392015319933,0.182318273799065
1.84364720206449,0.185105220477212
1.86340291718001,0.187910387100221
1.88318704402064,0.190733636083432
1.90299933922004,0.193574828628879
1.92283956999561,0.196433824810551
1.94270751358335,0.199310483660526
1.96260295668288,0.202204663255897
1.98252569491261,0.205116220806394
2.00247553227522,0.208045012742641
2.02245228063333,0.210990894804946
2.04245575919566,0.213953722132554
2.0624857940135,0.216933349353282
2.08254221748765,0.219929630673448
2.10262486788593,0.222942419968021
2.12273358887113,0.225971570870913
2.14286822903967,0.229016936865323
2.16302864147074,0.232078371374071
2.18321468328627,0.235155727849831
2.20342621522143,0.238248859865194
2.22366310120596,0.241357621202481
2.24392520795617,0.244481865943236
2.2642124045778,0.24762144855731
2.28452456217954,0.250776223991489
2.30486155349743,0.253946047757566
2.32522325253004,0.257130776019803
2.34560953418448,0.260330265681711
2.36602027393317,0.263544374472066
2.38645534748148,0.266772961030113
2.40691463044612,0.270015884989877
2.42739799804438,0.273273007063519
2.44790532479411,0.276544189123677
2.46843648422446,0.279829294284717
2.48899134859733,0.283128186982856
2.50956978863964,0.286440733055069
2.5301716732861,0.289766799816742
2.55079686943277,0.293106256138002
2.57144524170116,0.296458972518678
2.59211665221286,0.299824821161829
2.6128109603747,0.303203676045792
2.63352802267437,0.306595412994702
2.65426769248642,0.309999909747425
2.67502981988853,0.313417046024866
2.69581425148816,0.316846703595597
2.71662083025929,0.320288766339776
2.73744939538927,0.323743120311286
2.75829978213581,0.327209653798089
2.77917182169374,0.330688257380725
2.80006534107182,0.334178823988936
2.82098016297915,0.33768124895637
2.84191610572134,0.341195430073341
2.86287298310625,0.344721267637597
2.88385060435909,0.348258664503089
2.90484877404701,0.351807526126685
2.92586729201281,0.355367760612822
2.94690595331782,0.358939278756066
2.96796454819377,0.362521994081557
2.9890428620035,0.366115822883306
3.01014067521048,0.369720684260352
3.03125776335685,0.37333650015073
3.05239389705,0.376963195363253
3.07354884195744,0.380600697607096
3.0947223588099,0.384248937519154
3.1159142034124,0.387907848689181
3.1371241266633,0.391577367682689
3.15835187458102,0.395257434061609
3.17959718833837,0.398947990402701
3.20085980430431,0.402648982313725
3.22213945409295,0.406360358447346
3.24343586461967,0.410082070512802
3.26474875816416,0.41381407328532
3.28607785244019,0.417556324613285
3.30742286067204,0.421308785423179
3.32878349167725,0.425071419722282
3.3501594499557,0.428844194599157
3.37155043578468,0.432627080221925
3.39295614531988,0.436420049834341
3.414376270702,0.440223079749686
3.43581050016902,0.444036149342497
3.45725851817362,0.447859241038142
3.47872000550585,0.451692340300264
3.50019463942071,0.455535435616123
3.52168209377051,0.459388518479842
3.54318203914176,0.463251583373588
3.56469414299649,0.467124627746722
3.58621806981768,0.471007651992931
3.60775348125878,0.474900659425371
3.62930003629688,0.478803656249865
3.65085739138967,0.482716651536166
3.67242520063563,0.486639657187334
3.69400311593751,0.490572687907248
3.71559078716886,0.494515761166298
3.7371878623433,0.498468897165283
3.75879398778644,0.502432118797558
3.7804088083103,0.506405451609466
3.80203196738982,0.510388923759096
3.8236631073416,0.514382565973399
3.84530186950427,0.518386411503719
3.86694789442073,0.522400496079764
3.88860082202169,0.526424857862069
3.91026029181058,0.530459537392998
3.93192594304949,0.534504577546322
3.95359741494601,0.538560023475418
3.97527434684085,0.54262592256015
3.99695637839583,0.546702324352459
4.0186431497824,0.550789280520728
4.04033430187015,0.55488684479295
4.0620294764154,0.558995072898779
4.08372831624952,0.563114022510474
4.10543046546696,0.567243753182826
4.12713556961259,0.571384326292089
4.14884327586849,0.57553580497398
4.17055323323965,0.579698254060804
4.19226509273879,0.583871740017734
4.21397850756985,0.588056330878332
4.23569313331007,0.59225209617933
4.25740862809063,0.596459106894751
4.27912465277548,0.6006774353694
4.30084087113838,0.604907155251798
4.32255695003786,0.609148341426601
4.34427255959011,0.613401069946557
4.36598737333953,0.617665417964062
4.38770106842679,0.621941463662366
4.40941332575439,0.626229286186469
4.43112383014947,0.630528965573785
4.45283227052377,0.634840582684608
4.4745383400306,0.639164219132437
4.49624173621878,0.64349995721422
4.51794216118326,0.647847879840555
4.53963932171252,0.652208070465922
4.56133292943244,0.656580613018977
4.58302270094662,0.660965591832967
4.60470835797311,0.66536309157632
4.62638962747727,0.669773197183466
4.64806624180087,0.674195993785917
4.66973793878715,0.678631566643683
4.69140446190194,0.683080001077058
4.71306556035051,0.687541382398824
4.73472098919037,0.692015795846927
4.75637050943963,0.69650332651767
4.77801388818115,0.70100405929947
4.79965089866211,0.705518078807222
4.82128132038919,0.710045469317321
4.84290493921919,0.714586314703379
4.86452154744497,0.719140698372689
4.88613094387679,0.723708703203473
4.90773293391892,0.728290411482957
4.9293273296415,0.732885904846312
4.95091394984757,0.737495264216511
4.97249262013534,0.742118569745131
4.99406317295551,0.746755900754135
5.01562544766379,0.751407335678688
5.03717929056844,0.756072952011027
5.05872455497293,0.760752826245425
5.08026110121362,0.765447033824294
5.10178879669247,0.770155649085437
5.12330751590488,0.774878745210506
5.14481714046244,0.779616394174683
5.16631755911084,0.784368666697612
5.18780866774271,0.789135632195624
5.20929036940561,0.793917358735266
5.23076257430503,0.798713912988175
5.25222519980249,0.803525360187314
5.27367817040878,0.808351764084593
5.29512141777226,0.813193186909907
5.31655488066238,0.818049689331599
5.3379785049484,0.822921330418385
5.35939224357328,0.827808167602744
5.38079605652292,0.832710256645804
5.40218991079061,0.837627651603729
5.42357378033697,0.842560404795637
5.44494764604521,0.847508566773045
5.46631149567184,0.852472186290877
5.487665323793,0.857451310280021
5.50900913174628,0.862445983821467
5.53034292756824,0.867456250122024
5.55166672592759,0.872482150491627
5.5729805480542,0.87752372432224
5.59428442166399,0.882581009068365
5.61557838087963,0.887654040229152
5.63686246614738,0.892742851332124
5.65813672414995,0.897847473918508
5.67940120771557,0.902967937530185
5.70065597572323,0.908104269698244
5.72190109300442,0.913256495933152
5.74313663024114,0.918424639716528
5.76436266386058,0.923608722494518
5.7855792759263,0.928808763672772
5.80678655402627,0.934024780613003
5.82798459115761,0.939256788631141
5.8491734856083,0.944504800997047
5.87035334083593,0.949768828935805
5.8915242653436,0.955048881630552
5.91268637255296,0.960344966226865
5.93383978067472,0.96565708783866
5.95498461257652,0.970985249555613
5.97612099564841,0.976329452452078
5.99724906166602,0.98168969559748
6.01836894665147,0.987065976068179
6.03948079073222,0.992458288960776
6.06058473799794,0.997866627406842
6.08168093635552,1.00329098258906
6.1027695373823,1.00873134375872
6.12385069617771,1.01418769825467
6.14492457121338,1.01966003152344
6.16599132418183,1.02514832714085
6.18705111984396,1.03065256683482
6.20810412587533,1.03617273050944
6.22915051271139,1.0417087962703
6.25019045339184,1.04726074045106
6.27122412340417,1.05282853764112
6.29225170052654,1.05841216071455
6.31327336467009,1.06401158086004
6.33428929772078,1.069626767612
6.35529968338102,1.07525768888275
6.37630470701095,1.08090431099567
6.39730455546978,1.08656659871942
6.41829941695703,1.09224451530307
6.43928948085408,1.09793802251223
6.46027493756582,1.103647080666
6.48125597836282,1.10937164867487
6.5022327952239,1.1151116840794
6.52320558067937,1.12086714308972
6.54417452765497,1.1266379806258
6.56513982931664,1.13242415035843
6.58610167891621,1.13822560475089
6.60706026963823,1.14404229510131
6.6280157944478,1.14987417158561
6.64896844593984,1.15572118330106
6.66991841618957,1.16158327831034
6.69086589660456,1.16746040368616
6.7118110777783,1.17335250555635
6.73275414934543,1.17925952914931
6.75369529983879,1.18518141883996
6.77463471654824,1.19111811819598
6.79557258538151,1.19706957002443
6.81650909072705,1.20303571641857
6.83744441531897,1.20901649880505
6.85837874010434,1.21501185799116
6.87931224411258,1.22102173421243
6.90024510432741,1.22704606718018
6.92117749556121,1.23308479612932
6.94210959033185,1.23913785986616
6.96304155874222,1.24520519681618
6.98397356836245,1.25128674507192
7.0049057841148,1.25738244244071
7.02583836816149,1.26349222649235
7.0467714797953,1.26961603460672
7.06770527533328,1.27575380402117
7.08863990801328,1.28190547187774
7.10957552789373,1.28807097527017
7.13051228175646,1.29425025129068
7.15145031301267,1.30044323707635
7.17238976161221,1.30664986985532
7.19333076395607,1.31287008699251
7.21427345281223,1.31910382603501
7.23521795723483,1.32535102475706
7.25616440248676,1.33161162120452
7.27711290996574,1.3378855537389
7.2980635971337,1.34417276108086
7.31901657744989,1.35047318235316
7.33997196030729,1.35678675712304
7.36092985097274,1.36311342544401
7.38189035053055,1.36945312789698
7.40285355582969,1.37580580563076
7.42381955943466,1.38217140040187
7.4447884495799,1.3885498546136
7.46576031012789,1.39494111135442
7.48673522053083,1.40134511443551
7.507713255796,1.40776180842764
7.52869448645474,1.41419113869715
7.54967897853512,1.42063305144111
7.57066679353817,1.42708749372166
7.5916579884178,1.43355441349947
7.61265261556434,1.44003375966632
7.63365072279166,1.44652548207669
7.65465235332792,1.45302953157857
7.67565754580991,1.45954586004319
7.69666633428088,1.46607442039383
7.71767874819203,1.47261516663368
7.73869481240737,1.4791680538727
7.75971454721224,1.4857330383534
7.7807379683251,1.49231007747573
7.8017650869129,1.49889912982081
7.82279590960979,1.50550015517369
7.84383043853914,1.51211311454504
7.86486867133896,1.51873797019175
7.88591060119056,1.5253746856365
7.90695621685039,1.53202322568621
7.92800550268518,1.53868355644941
7.94905843871013,1.54535564535254
7.97011500063022,1.5520394611551
7.99117515988456,1.55873497396376
8.01223888369373,1.56544215524528
8.03330613511007,1.57216097783841
8.05437687307075,1.57889141596458
8.07545105245379,1.58563344523758
8.09652862413675,1.592387042672
8.11760953505809,1.5991521866907
8.13869372828123,1.60592885713103
8.15978114306112,1.61271703525003
8.18087171491329,1.61951670372848
8.20196537568539,1.62632784667388
8.22306205363102,1.63315044962228
8.24416167348584,1.63998449953907
8.26526415654598,1.64682998481864
8.28636942074844,1.65368689528298
8.30747738075368,1.66055522217924
8.32858794803015,1.66743495817614
8.3497010309407,1.67432609735943
8.37081653483085,1.68122863522619
8.39193436211879,1.68814256867825
8.41305441238711,1.69506789601442
8.43417658247601,1.70200461692183
8.45530076657812,1.70895273246621
8.4764268563347,1.71591224508126
8.49755474093321,1.72288315855693
8.51868430720608,1.72986547802689
8.53981543973077,1.73685920995495
8.56094802093079,1.74386436212062
8.58208193117783,1.75088094360372
8.60321704889482,1.75790896476816
8.62435325065972,1.7649484372448
8.6454904113102,1.77199937391347
8.66662840404895,1.77906178888419
8.68776710054951,1.78613569747753
8.70890637106271,1.79322111620423
8.73004608452345,1.80031806274395
8.75118610865789,1.80742655592343
8.77232631009078,1.81454661569376
8.79346655445311,1.82167826310703
8.81460670648972,1.82882152029227
8.83574663016694,1.83597641043074
8.85688618878022,1.84314295773056
8.87802524506155,1.85032118740073
8.89916366128657,1.85751112562459
8.92030129938152,1.86471279953262
8.94143802102966,1.87192623717481
8.96257368777724,1.87915146749244
8.98370816113897,1.88638852028935
9.00484130270278,1.8936374262028
9.02597297423391,1.90089821667384
9.04710303777826,1.90817092391726
9.06823135576477,1.91545558089116
9.08935779110702,1.92275222126614
9.11048220730366,1.93006087939417
9.13160446853795,1.93738159027706
9.15272443977602,1.9447143895348
9.173841986864,1.95205931337341
9.19495697662382,1.95941639855279
9.21606927694777,1.96678568235412
9.2371787568915,1.97416720254729
9.25828528676577,1.981560997358
9.27938873822647,1.98896710543481
9.30048898436316,1.99638556581604
9.32158589978602,2.00381641789663
9.34267936071096,2.01125970139488
9.36376924504315,2.01871545631921
9.38485543245858,2.02618372293487
9.40593780448392,2.03366454173071
9.4270162445744,2.04115795338594
9.44809063818971,2.048663998737
9.469160872868,2.05618271874448
9.49022683829779,2.06371415446024
9.51128842638778,2.07125834699452
9.53234553133458,2.07881533748341
9.55339804968828,2.08638516705631
9.5744458804158,2.09396787680375
9.59548892496206,2.10156350774536
9.61652708730882,2.10917210079813
9.63756027403132,2.11679369674496
9.6585883943525,2.12442833620348
9.67961136019498,2.13207605959522
9.70062908623059,2.13973690711508
9.72164148992753,2.14741091870125
9.74264849159516,2.15509813400544
9.76365001442627,2.16279859236352
9.78464598453702,2.17051233276663
9.80563633100427,2.17823939383273
9.8266209859006,2.18597981377855
9.84759988432667,2.19373363039209
9.86857296444126,2.20150088100561
9.88954016748862,2.20928160246909
9.91050143782352,2.2170758311243
9.93145672293359,2.22488360277935
9.95240597345927,2.23270495268382
9.97334914321122,2.24053991550453
9.99428618918521,2.24838852530182
10.0152170715745,2.25625081550651
10.0361417537798,2.26412681889743
10.0570602024164,2.27201656757962
10.0779723873197,2.27992009296319
10.098878281547,2.2878374257428
10.1197778613777,2.29576859587785
10.1406711063113,2.3037136325733
10.1615579990618,2.31167256426128
10.182438525551,2.31964541858332
10.2033126748988,2.32763222237328
10.2241804394108,2.3356330016411
10.2450418145644,2.34364778155717
10.2658967989921,2.3516765864375
10.2867453944622,2.35971943972961
10.3075876058581,2.36777636399916
10.3284234411546,2.37584738091736
10.3492529113923,2.38393251124911
10.37007603065,2.39203177484194
10.3908928160146,2.40014519061564
10.4117032875496,2.40827277655276
10.4325074682602,2.41641454968982
10.4533053840583,2.42457052610927
10.4740970637236,2.4327407209323
10.4948825388644,2.44092514831237
10.5156618438752,2.4491238214295
10.5364350158934,2.45733675248542
10.5572020947536,2.46556395269936
10.5779631229406,2.47380543230477
10.5987181455401,2.48206120054664
10.6194672101887,2.49033126567972
10.6402103670211,2.49861563496748
10.6609476686167,2.5069143146817
10.6816791699442,2.51522731010304
10.702404928305,2.52355462552215
10.7231250032748,2.53189626424162
10.7438394566444,2.54025222857868
10.7645483523587,2.54862251986859
10.7852517564548,2.55700713846875
10.8059497369988,2.56540608376359
10.8266423640213,2.57381935417006
10.8473297094519,2.58224694714392
10.8680118470531,2.59068885918665
10.8886888523524,2.59914508585311
10.9093608025745,2.60761562175976
10.9300277765715,2.61610046059368
10.9506898547535,2.62459959512208
10.9713471190173,2.63311301720262
10.9919996526756,2.64164071779418
11.0126475403846,2.65018268696841
11.0332908680714,2.65873891392171
11.0539297228611,2.66730938698796
11.0745641930035,2.67589409365171
11.0951943677985,2.68449302056197
11.1158203375225,2.69310615354655
11.1364421933538,2.70173347762695
11.1570600272974,2.71037497703368
11.177673932111,2.71903063522222
11.1982840012292,2.72770043488936
11.218890328689,2.73638435799002
11.2394930090547,2.74508238575459
11.2600921373429,2.75379449870665
11.2806878089479,2.76252067668116
11.3012801195671,2.77126089884296
11.3218691651267,2.78001514370583
11.3424550417072,2.78878338915174
11.3630378454707,2.79756561245059
11.3836176725865,2.80636179028022
11.4041946191592,2.81517189874676
11.4247687811558,2.82399591340531
11.4453402543344,2.83283380928084
11.4659091341727,2.84168556088947
11.4864755157978,2.85055114225985
11.5070394939163,2.85943052695494
11.5276011627456,2.86832368809387
11.5481606159451,2.87723059837405
11.5687179465496,2.88615123009352
11.5892732469027,2.89508555517332
11.6098266085907,2.90403354518016
11.6303781223792,2.91299517134908
11.6509278781486,2.92197040460633
11.6714759648325,2.93095921559225
11.692022470356,2.9399615746843
11.7125674815758,2.94897745202005
11.733111084221,2.95800681752032
11.753653362836,2.96704964091224
11.7741944007233,2.97610589175235
11.794734279889,2.9851755394497
11.8152730809888,2.99425855328888
11.8358108832754,3.00335490245303
11.8563477645477,3.01246455604675
11.8768838011012,3.02158748311897
11.8974190676797,3.03072365268565
11.9179536374287,3.03987303375244
11.9384875818502,3.04903559533712
11.9590209707594,3.05821130649198
11.979553872242,3.06740013632595
12.0000863526142,3.07660205402661
12.0206184763838,3.08581702888194
12.0411503062126,3.09504503030193
12.0616819028811,3.10428602783987
12.0822133252544,3.1135399912135
12.1027446302496,3.12280689032581
12.1232758728056,3.13208669528562
12.1438071058541,3.14137937642786
12.164338380292,3.15068490433354
12.1848697449563,3.16000324984944
12.2054012466,3.16933438410741
12.2259329298701,3.17867827854343
12.2464648372876,3.18803490491619
12.2669970092283,3.19740423532544
12.2875294839065,3.20678624222989
12.3080622973596,3.2161808984647
12.3285954834349,3.22558817725866
12.3491290737779,3.2350080522509
12.3696630978225,3.24444049750718
12.3901975827827,3.25388548753582
12.4107325536466,3.26334299730306
12.4312680331713,3.27281300224816
12.4518040418803,3.28229547829789
12.4723405980619,3.29179040188062
12.49287771777,3.30129774993995
12.5134154148263,3.31081749994784
12.5339537008239,3.32034962991726
12.5544925851328,3.32989411841439
12.5750320749074,3.33945094457024
12.5955721750948,3.34902008809187
12.6161128884458,3.35860152927298
12.6366542155262,3.36819524900414
12.6571961547311,3.37780122878237
12.6777387022996,3.38741945072024
12.6982818523316,3.39704989755451
12.7188255968062,3.40669255265414
12.7393699256009,3.41634740002784
12.7599148265134,3.42601442433107
12.7804602852837,3.43569361087247
12.8010062856185,3.44538494561984
12.8215528092163,3.45508841520547
12.8420998357943,3.46480400693105
12.8626473431166,3.47453170877193
12.8831953070236,3.48427150938092
12.9037437014625,3.49402339809152
12.9242924985193,3.50378736492066
12.9448416684523,3.51356340057078
12.9653911797256,3.52335149643156
12.9859409990454,3.53315164458094
13.0064910913962,3.54296383778576
13.0270414200782,3.55278806950177
13.0475919467463,3.56262433387315
13.0681426314498,3.57247262573154
13.0886934326728,3.58233294059451
13.1092443073759,3.59220527466357
13.1297952110387,3.60208962482161
13.1503460977029,3.6119859886299
13.1708969200168,3.62189436432456
13.1914476292799,3.63181475081257
13.2119981754886,3.64174714766723
13.2325485073827,3.65169155512325
13.2530985724921,3.66164797407129
13.2736483171848,3.67161640605203
13.2941976867147,3.68159685324988
13.3147466252708,3.6915893184861
13.335295076026,3.70159380521161
13.355842981187,3.7116103174993
13.3763902820444,3.72163886003592
13.3969369190232,3.73167943811361
13.4174828317336,3.74173205762093
13.4380279590221,3.75179672503359
13.458572239023,3.76187344740472
13.4791156092098,3.77196223235484
13.4996580064472,3.78206308806137
13.5201993670426,3.7921760232479
13.5407396267986,3.80230104717296
13.5612787210647,3.81243816961863
13.5818165847895,3.82258740087869
13.6023531525727,3.83274875174653
13.6228883587169,3.84292223350272
13.6434221372799,3.85310785790234
13.663954422126,3.86330563716192
13.6844851469777,3.87351558394629
13.7050142454669,3.883737711355
13.7255416511863,3.89397203290859
13.7460672977397,3.9042185625346
13.7665911187928,3.91447731455341
13.7871130481232,3.92474830366376
13.80763301967,3.9350315449282
13.828150967583,3.94532705375828
13.8486668262715,3.9556348458996
13.8691805304527,3.96595493741668
13.8896920151992,3.9762873446777
13.9102012159863,3.98663208433912
13.9307080687384,3.99698917333014
13.9512125098751,4.00735862883709
13.9717144763563,4.0177404682877
13.9922139057267,4.02813470933529
14.0127107361597,4.03854136984292
14.0332049065005,4.04896046786744
14.0536963563084,4.05939202164349
14.0741850258981,4.06983604956754
14.0946708563805,4.08029257018178
14.1151537897023,4.09076160215818
14.1356337686852,4.10124316428233
14.1561107370635,4.11173727543754
14.1765846395216,4.12224395458874
14.1970554217296,4.13276322076659
14.2175230303786,4.14329509305155
14.2379874132151,4.15383959055803
14.2584485190737,4.16439673241866
14.2789062979094,4.17496653776857
14.2993607008286,4.18554902572981
14.3198116801189,4.19614421539591
14.3402591892781,4.2067521258165
14.3607031830421,4.21737277598208
14.381143617411,4.22800618480897
14.4015804496754,4.23865237112433
14.4220136384401,4.24931135365145
14.4424431436477,4.25998315099511
14.4628689266007,4.27066778162718
14.483290949982,4.28136526387242
14.5037091778751,4.29207561589443
14.5241235757824,4.30279885568186
14.5445341106424,4.31353500103481
14.5649407508463,4.32428406955151
14.5853434662524,4.33504607861514
14.6057422282,4.345821045381
14.6261370095223,4.35660898676388
14.6465277845571,4.36740991942569
14.6669145291573,4.37822385976339
14.6872972206997,4.38905082389718
14.7076758380926,4.39989082765895
14.7280503617825,4.41074388658109
14.7484207737588,4.42161001588551
14.7687870575586,4.43248923047304
14.7891491982689,4.44338154491311
14.8095071825286,4.45428697343373
14.8298609985291,4.46520552991183
14.8502106360132,4.47613722786389
14.8705560862734,4.48708208043693
14.8908973421491,4.49804010039983
14.9112343980219,4.50901130013499
14.9315672498109,4.51999569163032
14.9518958949656,4.53099328647163
14.9722203324588,4.54200409583528
14.9925405627775,4.55302813048132
15.0128565879135,4.56406540074685
15.0331684113524,4.57511591653984
15.0534760380614,4.58617968733328
15.0737794744768,4.5972567221597
15.0940787284896,4.60834702960604
15.1143738094307,4.61945061780893
15.1346647280547,4.63056749445032
15.1549514965231,4.64169766675346
15.1752341283864,4.65284114147929
15.1955126385649,4.6639979249232
15.2157870433289,4.67516802291213
15.2360573602785,4.68635144080207
15.2563236083215,4.69754818347597
15.276585807651,4.7087582553419
15.2968439797225,4.71998166033175
15.3170981472293,4.73121840190014
15.3373483340781,4.74246848302384
15.3575945653631,4.75373190620141
15.3778368673398,4.76500867345336
15.3980752673975,4.77629878632252
15.4183097940323,4.7876022458749
15.4385404768178,4.79891905270083
15.4587673463769,4.81024920691645
15.4789904343512,4.82159270816562
15.4992097733715,4.8329495556221
15.5194253970266,4.84431974799207
15.5396373398322,4.8557032835171
15.5598456371986,4.8671001599773
15.5800503253989,4.87851037469491
15.6002514415357,4.88993392453817
15.6204490235085,4.90137080592552
15.6406431099795,4.91282101483011
15.66083374034,4.92428454678463
15.6810209546761,4.9357613968864
15.7012047937338,4.94725155980284
15.7213852988844,4.95875502977716
15.7415625120894,4.97027180063437
15.7617364758648,4.98180186578753
15.7819072332459,4.99334521824434
15.8020748277513,5.00490185061394
15.8222393033472,5.01647175511398
15.8424007044114,5.02805492357795
15.862559075697,5.03965134746277
15.8827144622968,5.05126101785657
15.9028669096064,5.06288392548677
15.9230164632888,5.07452006072831
15.9431631692378,5.08616941361213
15.9633070735421,5.09783197383389
15.9834482224493,5.1095077307628
16.0035866623299,5.12119667345077
16.0237224396419,5.13289879064157
16.0438556008945,5.14461407078037
16.0639861926137,5.15634250202326
16.0841142613061,5.16808407224704
16.1042398534249,5.17983876905915
16.1243630153342,5.19160657980768
16.1444837932755,5.20338749159157
16.1646022333332,5.21518149127094
16.1847183814007,5.22698856547747
16.2048322831474,5.23880870062497
16.2249439839853,5.25064188292
16.2450535290366,5.26248809837257
16.2651609631016,5.27434733280696
16.2852663306265,5.28621957187259
16.305369675673,5.29810480105495
16.3254710418864,5.3100030056866
16.3455704724663,5.32191417095821
16.3656680101365,5.33383828192962
16.3857636971155,5.34577532354095
16.4058575750885,5.35772528062375
16.4259496851788,5.36968813791211
16.4460400679208,5.38166388005379
16.4661287632329,5.39365249162141
16.4862158103914,5.4056539571235
16.5063012480051,5.41766826101567
16.5263851139902,5.42969538771161
16.5464674455465,5.4417353215942
16.5665482791334,5.45378804702641
16.5866276504479,5.46585354836232
16.6067055944016,5.47793180995791
16.6267821451003,5.49002281618191
16.6468573358227,5.5021265514265
16.6669311990012,5.51424300011793
16.6870037662024,5.52637214672711
16.7070750681091,5.53851397578
16.7271451345029,5.55066847186797
16.7472139942471,5.562835619658
16.7672816752713,5.57501540390281
16.787348204556,5.58720780945078
16.8074136081186,5.59941282125583
16.8274779109998,5.61163042438707
16.8475411372509,5.62386060403837
16.8676033099224,5.63610334553774
16.8876644510525,5.64835863435652
16.9077245816576,5.6606264561185
16.9277837217225,5.67290679660875
16.9478418901923,5.68519964178237
16.9678991049646,5.69750497777297
16.987955382883,5.70982279090104
17.008010739731,5.72215306768207
17.028065190227,5.7344957948345
17.0481187480199,5.74685095928744
17.0681714256862,5.7592185481882
17.0882232347269,5.77159854890965
17.1082741855661,5.78399094905723
17.1283242875499,5.79639573647591
17.1483735489465,5.80881289925679
17.168421976947,5.82124242574352
17.1884695776668,5.83368430453856
17.2085163561478,5.84613852450901
17.2285623163621,5.85860507479247
17.2486074612155,5.87108394480238
17.2686517925522,5.88357512423336
17.2886953111607,5.89607860306614
17.3087380167799,5.90859437157229
17.3287799081058,5.92112242031875
17.3488209827998,5.93366274017202
17.3688612374969,5.94621532230216
17.3889006678151,5.95878015818653
17.4089392683652,5.97135723961324
17.4289770327614,5.98394655868435
17.449013953633,5.99654810781885
17.4690500226361,6.00916187975535
17.4890852304662,6.02178786755451
17.5091195668719,6.03442606460118
17.5291530206683,6.0470764646064
17.5491855797523,6.05973906160898
17.569217231117,6.07241384997692
17.5892479608681,6.08510082440857
17.6092777542399,6.09779997993351
17.6293065956123,6.11051131191312
17.6493344685283,6.12323481604104
17.6693613557116,6.13597048834323
17.6893872390857,6.14871832517782
17.7094120997923,6.16147832323477
17.7294359182111,6.17425047953521
17.7494586739793,6.18703479143055
17.7694803460122,6.19983125660137
17.7895009125242,6.21263987305603
17.8095203510493,6.22546063912909
17.829538638463,6.23829355347942
17.8495557510041,6.25113861508817
17.8695716642973,6.26399582325641
17.8895863533749,6.27686517760263
17.9095997927007,6.28974667805995
17.9296119561921,6.30264032487316
17.9496228172445,6.31554611859549
17.9696323487541,6.32846406008522
17.9896405231426,6.34139415050202
18.0096473123806,6.35433639130318
18.0296526880121,6.36729078423953
18.0496566211793,6.3802573313512
18.0696590826468,6.39323603496325
18.0896600428262,6.40622689768105
18.1096594718017,6.41922992238544
18.1296573393543,6.43224511222781
18.1496536149868,6.44527247062494
18.1696482679496,6.45831200125371
18.189641267265,6.47136370804557
18.2096325817526,6.48442759518097
18.2296221800546,6.49750366708353
18.2496100306606,6.51059192841412
18.2695961019327,6.52369238406481
18.2895803621304,6.53680503915259
18.3095627794359,6.54992989901312
18.3295433219782,6.56306696919417
18.3495219578585,6.57621625544909
18.3694986551742,6.58937776373008
18.3894733820434,6.60255150018142
18.4094461066294,6.61573747113248
18.4294167971645,6.62893568309079
18.4493854219737,6.64214614273489
18.4693519494986,6.65536885690717
18.4893163483205,6.66860383260659
18.5092785871838,6.68185107698138
18.5292386350185,6.69511059732157
18.5491964609631,6.7083824010516
18.5691520343864,6.72166649572276
18.58910532491,6.73496288900564
18.6090563024295,6.74827158868253
18.6290049371359,6.76159260263974
18.6489511995366,6.77492593885997
18.6688950604756,6.78827160541458
18.688836491154,6.80162961045591
18.7087754631497,6.81499996220948
18.7287119484365,6.82838266896634
18.7486459194034,6.84177773907528
18.7685773488725,6.85518518093512
18.7885062101177,6.86860500298696
18.8084324768818,6.88203721370653
18.8283561233939,6.89548182159646
18.8482771243859,6.90893883517866
18.8681954551084,6.92240826298669
18.888111091347,6.93589011355817
18.9080240094367,6.94938439542728
18.9279341862771,6.96289111711725
18.9478415993464,6.97641028713294
18.9677462267145,6.98994191395348
18.9876480470568,7.00348600602496
19.0075470396663,7.01704257175321
19.0274431844654,7.03061161949666
19.0473364620177,7.04419315755924
19.0672268535387,7.05778719418343
19.0871143409059,7.07139373754335
19.1069989066687,7.08501279573794
19.1268805340577,7.09864437678432
19.146759206993,7.11228848861114
19.1666349100921,7.12594513905214
19.1865076286778,7.13961433583976
19.2063773487847,7.15329608659887
19.2262440571654,7.16699039884068
19.2461077412963,7.18069727995669
19.2659683893827,7.19441673721285
19.2858259903633,7.20814877774379
19.305680533914,7.22189340854722
19.3255320104513,7.23565063647845
19.3453804111351,7.24942046824509
19.3652257278709,7.26320291040183
19.3850679533112,7.27699796934546
19.4049070808567,7.29080565130994
19.4247431046566,7.30462596236168
19.4445760196086,7.31845890839501
19.4644058213582,7.33230449512773
19.4842325062973,7.34616272809689
19.5040560715625,7.36003361265469
19.5238765150326,7.37391715396455
19.5436938353259,7.3878133569974
19.5635080317966,7.40172222652808
19.5833191045308,7.41564376713191
19.603127054342,7.4295779831815
19.6229318827661,7.44352487884365
19.6427335920556,7.45748445807648
19.662532185174,7.47145672462673
19.6823276657888,7.48544168202722
19.7021200382645,7.49943933359449
19.7219093076551,7.51344968242663
19.7416954796964,7.52747273140131
19.761478560797,7.54150848317393
19.7812585580295,7.555556940176
19.8010354791213,7.56961810461369
19.8208093324447,7.58369197846656
